1)

1.0e+06 *    0.0010    0.0056    0.0316    0.1778    1.0000
2)

exp(a)
ans =

    0.7408  148.4132    1.2214    1.4918    2.0138

log(a)
ans =

  1 ~ 3번 열

  -1.2040 + 3.1416i   1.6094 + 0.0000i  -1.6094 + 0.0000i

  4 ~ 5번 열

  -0.9163 + 0.0000i  -0.3567 + 0.0000i

sqrt(a)
ans =

  1 ~ 3번 열

   0.0000 + 0.5477i   2.2361 + 0.0000i   0.4472 + 0.0000i

  4 ~ 5번 열

   0.6325 + 0.0000i   0.8367 + 0.0000i

floor(a)
ans =

    -1     5     0     0     0
3)

u =

         0    1.2500    2.5000    3.7500    5.0000


v =

     0     2     4     6     8

4)

a =

    8.7000    3.8000    2.5000    5.7000    1.9000

mean
ans =

    4.5200

var
ans =

    7.5820

std
ans =

    2.7535

5)

a =

     1     2     3


b =

     2     5     6


c =

    30

6)

d =

     1     2     3     4     5
     6     7     8     9     0


d =

     1
     6
     2
     7
     3
     8
     4
     9
     5
     0

7)

d =

     1     2     3     4     5
     6     7     8     9     0


d =

     1     6     2     7     3     8     4     9     5     0
     6    36    12    42    18    48    24    54    30     0
     2    12     4    14     6    16     8    18    10     0
     7    42    14    49    21    56    28    63    35     0
     3    18     6    21     9    24    12    27    15     0
     8    48    16    56    24    64    32    72    40     0
     4    24     8    28    12    32    16    36    20     0
     9    54    18    63    27    72    36    81    45     0
     5    30    10    35    15    40    20    45    25     0
     0     0     0     0     0     0     0     0     0     0

8)

a =

     1     2     3     4     5
     6     7     8     9    10
    11    12    13    14    15
    16    17    18    19    20


ans =

     3     4     5
    13    14    15
    18    19    20

9)

M =

     1     2     3     4     5
     6     7     8     9    10
    11    12    13    14    15


B =

  1×5 logical 배열

   0   1   1   0   0


ans =

     2     3
     7     8
    12    13

10)

A =

    0.0975    0.1576    0.1419    0.6557    0.7577
    0.2785    0.9706    0.4218    0.0357    0.7431
    0.5469    0.9572    0.9157    0.8491    0.3922
    0.9575    0.4854    0.7922    0.9340    0.6555
    0.9649    0.8003    0.9595    0.6787    0.1712

11)

A^2는 A의 행렬의 제곱이고 A.^2는 원소의 제곱이다.

12)

8 + 6*(1+sqrt(5))/2

4/3*pi*10^3

exp(sqrt(3)) + pi*10^3

exp(pi*i)

13)

x =

     5


ans =

    2.5729

x =

     5


ans =

     0

14)

과목별 평균
a =

    98    83    89    89
    89    92    97    87
    78    86    91    96


b =

   88.3333   87.0000   92.3333   90.6667

학생별 총점 및 평균
a =

    98    83    89    89
    89    92    97    87
    78    86    91    96


b =

   359   365   351


c =

   89.7500   91.2500   87.7500

학생 별 최고점을 받은과목의 점수
a =

    98    83    89    89
    89    92    97    87
    78    86    91    96


b =

    98    97    96

반 전체 첨수 합계 및 평균
a =

    98    83    89    89
    89    92    97    87
    78    86    91    96


b =

        1075


c =

   89.5833

15)

3~6번째 위치한 원소들
>> a = x([3:6])

x =

     1    12    23    34    45    56    67    78    89   100


a =

    23    34    45    56

1, 5, 7번째 위치한 원소들
>> a = x([1, 5, 7])

x =

     1    12    23    34    45    56    67    78    89   100


a =

     1    45    67
3, 7~9번째 위치한 원소들
>> a = x(3, 7:9])

x =

     1    12    23    34    45    56    67    78    89   100


a =

    23    67    78    89

16)

벡터  x가 아래와 같이 10개의 원소를 가질 때
x = linspace(1, 100, 10)

3번째에 위치한 원소의 값을 10으로 바꾸고 싶을 때
>> x(3) = 10

x =

     1    12    23    34    45    56    67    78    89   100


x =

     1    12    10    34    45    56    67    78    89   100
5:7번 째에 위치한 원소들의 값을 -5로 바꾸고 싶을 때
>> x([5:7]) = -5
x =

     1    12    23    34    45    56    67    78    89   100


x =

     1    12    23    34    -5    -5    -5    78    89   100
3, 7~9번째에 위치한 원소들의 값을 105로 바구고 싶을 때
>> x([3, 7:9]) = 105

x =

     1    12    23    34    45    56    67    78    89   100


x =

     1    12   105    34    45    56   105   105   105   100
6~8번째 위치한 원소들의 값을 각각 100, 200, 300으로 바꾸고 싶을 때
>> x([6:8]) = [100, 200, 300]
x =

     1    12    23    34    45    56    67    78    89   100


x =

     1    12    23    34    45   100   200   300    89   100

17)

>> x = linspace(1, 10, 10)
>> x(find(~mod(x, 2))) = max(x) - x(find(~mod(x, 2)))
x =

     1     2     3     4     5     6     7     8     9    10


x =

     1     8     3     6     5     4     7     2     9     0
